100,100,0
100,100,0
100,100,0
100,100,0
100,100,0
100,100,0
100,100,0
100,100,0
100,100,0
100,100,0
100,100,0
100,100,0
100,100,0
100,100,0
100,100,0
100,100,0
100,100,0
100,100,0
100,100,0
100,100,0
100,100,0
100,100,0
100,100,0
100,100,0
100,100,0
100,100,0
100,100,0
100,100,0
100,100,0
100,100,0
100,100,0
100,100,0
102.0,100.0,0
104.0,100.0,5
105.9923893961835,100.17431148549532,10
107.96200490220791,100.52160784082919,15
109.89385655478604,101.03924593103423,20
111.77324179635785,101.72328621768557,25
113.58585737043116,102.56852274116697,30
115.31790817800004,103.56852274116697,35
116.95621226657802,104.71567561386907,40
118.48830115281598,106.00125083324214,45
119.90251471518907,107.41546439561523,45
121.31672827756216,108.82967795798832,45
122.73094183993526,110.24389152036142,45
124.14515540230835,111.65810508273451,45
125.55936896468144,113.0723186451076,45
126.97358252705453,114.48653220748069,45
128.38779608942764,115.90074576985378,45
129.80200965180074,117.31495933222688,45
131.21622321417385,118.72917289459997,45
132.63043677654696,120.14338645697306,45
134.04465033892006,121.55760001934615,45
135.45886390129317,122.97181358171925,45
136.87307746366628,124.38602714409234,45
138.28729102603938,125.80024070646543,45
139.7015045884125,127.21445426883852,45
141.1157181507856,128.62866783121163,50
142.40129337015867,130.16075671744957,55
143.54844624286076,131.79906080602757,60
144.54844624286076,133.53111161359644,65
145.39368276634215,135.34372718766974,65
146.23891928982354,137.15634276174305,65
147.08415581330493,138.96895833581635,65
147.92939233678632,140.78157390988966,65
148.7746288602677,142.59418948396296,65
149.6198653837491,144.40680505803627,65
150.4651019072305,146.21942063210957,65
151.31033843071188,148.03203620618288,65
152.15557495419327,149.84465178025619,65
153.00081147767466,151.6572673543295,65
153.84604800115605,153.4698829284028,65
154.69128452463744,155.2824985024761,70
154.69128452463744,155.2824985024761,75
155.2089226148425,157.21435015505423,80
155.55621897017636,159.18396566107864,85
155.73053045567167,161.17635505726213,90
155.73053045567167,163.17635505726213,95
155.55621897017636,165.1687444534456,95
155.38190748468105,167.1611338496291,95
155.38190748468105,167.1611338496291,95
155.38190748468105,167.1611338496291,95
155.38190748468105,167.1611338496291,95
155.38190748468105,167.1611338496291,95
155.20759599918574,169.15352324581258,95
155.03328451369043,171.14591264199606,95
154.85897302819512,173.13830203817955,95
154.6846615426998,175.13069143436303,95
154.5103500572045,177.1230808305465,95
154.3360385717092,179.11547022673,95
154.1617270862139,181.10785962291348,95
153.98741560071858,183.10024901909696,95
153.81310411522327,185.09263841528045,95
153.63879262972796,187.08502781146393,95
153.46448114423265,189.07741720764741,95
153.29016965873734,191.0698066038309,95
153.11585817324203,193.06219600001438,95
152.94154668774672,195.05458539619787,95
152.7672352022514,197.04697479238135,95
152.5929237167561,199.03936418856483,90
152.5929237167561,201.03936418856483,85
152.5929237167561,201.03936418856483,80
152.5929237167561,201.03936418856483,75
153.11056180696116,202.97121584114296,70
153.7946020936125,204.85060108271477,70
154.47864238026384,206.72998632428659,70
155.16268266691517,208.6093715658584,70
155.8467229535665,210.4887568074302,70
156.53076324021785,212.36814204900202,70
157.2148035268692,214.24752729057383,70
157.89884381352053,216.12691253214564,70
158.58288410017187,218.00629777371745,70
159.2669243868232,219.88568301528926,70
159.95096467347454,221.76506825686107,70
160.63500496012588,223.64445349843288,70
161.31904524677722,225.5238387400047,70
162.00308553342856,227.4032239815765,70
162.6871258200799,229.2826092231483,70
163.37116610673124,231.16199446472012,70
164.05520639338258,233.04137970629193,70
164.73924668003392,234.92076494786374,75
165.25688477023897,236.85261660044188,80
165.60418112557284,238.8222321064663,85
165.77849261106815,240.81462150264977,90
165.77849261106815,242.81462150264977,95
165.60418112557284,244.80701089883325,95
165.42986964007753,246.79940029501674,95
165.25555815458222,248.79178969120022,95
165.0812466690869,250.7841790873837,95
164.9069351835916,252.7765684835672,95
164.7326236980963,254.76895787975067,95
164.55831221260098,256.76134727593416,95
164.38400072710567,258.75373667211767,95
164.20968924161036,260.7461260683012,95
164.03537775611505,262.7385154644847,95
163.86106627061974,264.7309048606682,95
163.68675478512444,266.7232942568517,95
163.51244329962913,268.7156836530352,95
163.33813181413382,270.70807304921874,95
163.1638203286385,272.70046244540225,95
162.9895088431432,274.69285184158576,95
162.8151973576479,276.6852412377693,95
162.64088587215258,278.6776306339528,95
162.46657438665727,280.6700200301363,95
162.29226290116196,282.6624094263198,95
162.11795141566665,284.6547988225033,95
161.94363993017134,286.64718821868684,95
161.76932844467603,288.63957761487035,95
161.59501695918073,290.63196701105386,95
161.42070547368542,292.62435640723737,90
161.42070547368542,294.62435640723737,85
161.59501695918073,296.6167458034209,80
161.9423133145146,298.5863613094453,75
162.45995140471965,300.5182129620234,75
162.9775894949247,302.45006461460156,75
163.49522758512975,304.3819162671797,75
164.0128656753348,306.3137679197578,75
164.53050376553986,308.24561957233595,75
165.04814185574492,310.1774712249141,75
165.56577994594997,312.1093228774922,75
166.08341803615502,314.04117453007035,75
166.60105612636008,315.9730261826485,75
167.11869421656513,317.9048778352266,75
167.63633230677019,319.83672948780475,75
168.15397039697524,321.7685811403829,75
168.6716084871803,323.700432792961,75
169.18924657738535,325.63228444553914,75
169.7068846675904,327.5641360981173,75
170.22452275779546,329.4959877506954,75
170.7421608480005,331.42783940327354,75
171.25979893820556,333.35969105585167,75
171.77743702841062,335.2915427084298,75
172.29507511861567,337.22339436100793,75
172.81271320882072,339.15524601358607,75
173.33035129902578,341.0870976661642,75
173.84798938923083,343.01894931874233,75
174.3656274794359,344.95080097132046,75
174.88326556964094,346.8826526238986,75
175.400903659846,348.8145042764767,75
175.91854175005105,350.74635592905486,75
176.4361798402561,352.678207581633,75
176.95381793046116,354.6100592342111,75
177.4714560206662,356.54191088678925,75
177.98909411087126,358.4737625393674,75
178.50673220107632,360.4056141919455,75
179.02437029128137,362.33746584452365,75
179.54200838148643,364.2693174971018,75
180.05964647169148,366.2011691496799,75
180.57728456189653,368.13302080225805,75
181.0949226521016,370.0648724548362,75
181.61256074230664,371.9967241074143,75
182.1301988325117,373.92857575999244,75
182.64783692271675,375.8604274125706,75
183.1654750129218,377.7922790651487,75
183.68311310312686,379.72413071772684,75
184.2007511933319,381.65598237030497,75
184.71838928353696,383.5878340228831,75
185.23602737374202,385.51968567546123,75
185.75366546394707,387.45153732803936,75
186.27130355415213,389.3833889806175,75
186.78894164435718,391.31524063319563,75
187.30657973456223,393.24709228577376,75
187.8242178247673,395.1789439383519,75
188.34185591497234,397.11079559093,75
188.8594940051774,399.04264724350816,75
189.37713209538245,400.9744988960863,75
189.8947701855875,402.9063505486644,75
190.41240827579256,404.83820220124255,75
190.9300463659976,406.7700538538207,75
191.44768445620267,408.7019055063988,75
191.96532254640772,410.63375715897695,75
192.48296063661277,412.5656088115551,75
193.00059872681783,414.4974604641332,75
193.51823681702288,416.42931211671134,75
194.03587490722794,418.3611637692895,75
194.553512997433,420.2930154218676,75
195.07115108763804,422.22486707444574,75
195.5887891778431,424.1567187270239,75
196.10642726804815,426.088570379602,75
196.6240653582532,428.02042203218014,75
197.14170344845826,429.95227368475827,75
197.6593415386633,431.8841253373364,75
198.17697962886837,433.81597698991453,75
198.69461771907342,435.74782864249266,75
199.21225580927847,437.6796802950708,75
199.72989389948353,439.6115319476489,75
200.24753198968858,441.54338360022706,75
200.76517007989364,443.4752352528052,75
201.2828081700987,445.4070869053833,75
201.80044626030374,447.33893855796146,75
202.3180843505088,449.2707902105396,75
202.83572244071385,451.2026418631177,75
203.3533605309189,453.13449351569585,75
203.87099862112396,455.066345168274,75
204.388636711329,456.9981968208521,75
204.90627480153407,458.93004847343025,75
205.42391289173912,460.8619001260084,75
205.94155098194418,462.7937517785865,75
206.45918907214923,464.72560343116464,75
206.97682716235428,466.6574550837428,75
207.49446525255934,468.5893067363209,70
208.17850553921068,470.4686919778927,65
209.02374206269207,472.281307551966,60
210.02374206269207,474.0133583595349,55
211.17089493539416,475.65166244811286,50
212.45647015476723,477.1837513343508,50
213.7420453741403,478.71584022058875,50
215.02762059351338,480.2479291068267,50
216.31319581288645,481.78001799306463,50
217.59877103225952,483.3121068793026,50
218.8843462516326,484.8441957655405,50
220.16992147100567,486.37628465177846,45
221.58413503337877,487.79049821415157,40
221.58413503337877,487.79049821415157,35
223.22243912195677,488.93765108685363,30
224.95448992952564,489.93765108685363,30
226.6865407370945,490.93765108685363,30
228.41859154466337,491.93765108685363,30
230.15064235223224,492.93765108685363,30
231.8826931598011,493.93765108685363,30
231.8826931598011,493.93765108685363,25
231.8826931598011,493.93765108685363,20
231.8826931598011,493.93765108685363,15
233.81454481237924,494.45528917705866,15
235.74639646495737,494.9729272672637,15
235.74639646495737,494.9729272672637,15
235.74639646495737,494.9729272672637,10
235.74639646495737,494.9729272672637,5
235.74639646495737,494.9729272672637,5
237.73878586114085,495.147238752759,5
239.73117525732434,495.3215502382543,5
241.72356465350782,495.4958617237496,5
243.7159540496913,495.6701732092449,5
245.7083434458748,495.84448469474023,5
247.70073284205827,496.01879618023554,5
249.69312223824176,496.19310766573085,5
251.68551163442524,496.36741915122616,5
253.67790103060872,496.54173063672147,5
255.6702904267922,496.7160421222168,5
257.6626798229757,496.8903536077121,5
259.6550692191592,497.0646650932074,5
261.6474586153427,497.2389765787027,5
263.6398480115262,497.413288064198,5
265.63223740770974,497.5875995496933,5
267.62462680389325,497.76191103518863,5
269.61701620007676,497.93622252068394,10
271.5866317061012,498.2835188760178,15
273.5184833586793,498.80115696622283,20
275.3978686002511,499.4851972528742,25
277.2104841743244,500.33043377635556,25
279.02309974839767,501.17567029983695,25
280.83571532247095,502.02090682331834,25
282.6483308965442,502.86614334679973,25
284.4609464706175,503.7113798702811,25
286.2735620446908,504.5566163937625,25
288.08617761876405,505.4018529172439,25
289.89879319283733,506.2470894407253,25
291.7114087669106,507.0923259642067,25
293.5240243409839,507.93756248768807,25
295.33663991505716,508.78279901116946,25
297.14925548913044,509.62803553465085,20
299.02864073070225,510.3120758213022,15
300.9604923832804,510.8297139115072,10
302.9301078893048,511.1770102668411,5
304.9224972854883,511.3513217523364,0
306.9224972854883,511.3513217523364,0
308.9224972854883,511.3513217523364,0
310.9224972854883,511.3513217523364,0
312.9224972854883,511.3513217523364,0
314.9224972854883,511.3513217523364,0
316.9224972854883,511.3513217523364,0
318.9224972854883,511.3513217523364,0
320.9224972854883,511.3513217523364,0
322.9224972854883,511.3513217523364,0
324.9224972854883,511.3513217523364,355
324.9224972854883,511.3513217523364,350
326.8921127915127,511.0040253970025,345
328.82396444409085,510.4863873067975,345
330.755816096669,509.96874921659247,345
332.6876677492471,509.45111112638745,345
334.61951940182524,508.9334730361824,345
336.5513710544034,508.4158349459774,345
338.4832227069815,507.89819685577237,345
340.41507435955964,507.38055876556734,345
342.34692601213777,506.8629206753623,345
344.2787776647159,506.3452825851573,340
346.1581629062877,505.66124229850595,335
347.970778480361,504.81600577502456,335
349.78339405443427,503.9707692515432,335
351.59600962850755,503.1255327280618,335
353.4086252025808,502.2802962045804,335
355.2212407766541,501.435059681099,335
357.0338563507274,500.5898231576176,335
358.84647192480065,499.7445866341362,335
360.65908749887393,498.89935011065484,335
362.4717030729472,498.05411358717345,335
364.2843186470205,497.20887706369206,335
366.09693422109376,496.36364054021067,335
367.90954979516704,495.5184040167293,335
369.7221653692403,494.6731674932479,340
371.6015506108121,493.98912720659655,345
373.53340226339026,493.4714891163915,350
375.50301776941467,493.12419276105766,355
377.4954071655982,492.94988127556235,0
379.4954071655982,492.94988127556235,0
381.4954071655982,492.94988127556235,0
383.4954071655982,492.94988127556235,0
385.4954071655982,492.94988127556235,0
387.4954071655982,492.94988127556235,0
389.4954071655982,492.94988127556235,0
391.4954071655982,492.94988127556235,0
393.4954071655982,492.94988127556235,0
395.4954071655982,492.94988127556235,0
397.4954071655982,492.94988127556235,0
399.4954071655982,492.94988127556235,0
401.4954071655982,492.94988127556235,0
403.4954071655982,492.94988127556235,0
405.4954071655982,492.94988127556235,0
407.4954071655982,492.94988127556235,0
409.4954071655982,492.94988127556235,0
411.4954071655982,492.94988127556235,0
413.4954071655982,492.94988127556235,0
415.4954071655982,492.94988127556235,0
417.4954071655982,492.94988127556235,0
419.4954071655982,492.94988127556235,0
421.4954071655982,492.94988127556235,0
423.4954071655982,492.94988127556235,0
425.4954071655982,492.94988127556235,0
427.4954071655982,492.94988127556235,0
429.4954071655982,492.94988127556235,0
431.4954071655982,492.94988127556235,0
433.4954071655982,492.94988127556235,0
435.4954071655982,492.94988127556235,0
437.4954071655982,492.94988127556235,0
439.4954071655982,492.94988127556235,0
441.4954071655982,492.94988127556235,0
443.4954071655982,492.94988127556235,0
445.4954071655982,492.94988127556235,0
447.4954071655982,492.94988127556235,0
449.4954071655982,492.94988127556235,0
451.4954071655982,492.94988127556235,0
453.4954071655982,492.94988127556235,0
455.4954071655982,492.94988127556235,0
457.4954071655982,492.94988127556235,0
459.4954071655982,492.94988127556235,0
461.4954071655982,492.94988127556235,0
463.4954071655982,492.94988127556235,0
465.4954071655982,492.94988127556235,0
467.4954071655982,492.94988127556235,0
469.4954071655982,492.94988127556235,0
471.4954071655982,492.94988127556235,0
473.4954071655982,492.94988127556235,0
475.4954071655982,492.94988127556235,0
477.4954071655982,492.94988127556235,0
479.4954071655982,492.94988127556235,0
481.4954071655982,492.94988127556235,0
483.4954071655982,492.94988127556235,355
485.4877965617817,492.77556979006704,350
487.4574120678061,492.42827343473317,345
489.38926372038424,491.91063534452815,340
491.26864896195605,491.2265950578768,335
493.0812645360293,490.3813585343954,330
494.8133153435982,489.3813585343954,325
496.4516194321762,488.23420566169335,325
498.08992352075416,487.0870527889913,325
499.7282276093321,485.9398999162892,325
501.3665316979101,484.79274704358716,325
503.00483578648806,483.6455941708851,325
504.643139875066,482.498441298183,325
506.281443963644,481.35128842548096,325
507.91974805222196,480.2041355527789,325
509.55805214079993,479.0569826800768,325
511.1963562293779,477.90982980737476,325
512.8346603179559,476.7626769346727,325
514.472964406534,475.61552406197063,325
516.111268495112,474.46837118926857,325
517.74957258369,473.3212183165665,325
519.387876672268,472.17406544386444,325
521.026180760846,471.02691257116237,325
522.6644848494241,469.8797596984603,325
524.3027889380021,468.73260682575824,325
525.9410930265801,467.5854539530562,325
527.5793971151581,466.4383010803541,325
529.2177012037362,465.29114820765204,325
530.8560052923142,464.14399533495,325
532.4943093808922,462.9968424622479,325
534.1326134694702,461.84968958954585,325
535.7709175580483,460.7025367168438,325
537.4092216466263,459.5553838441417,325
539.0475257352043,458.40823097143965,325
540.6858298237823,457.2610780987376,325
542.3241339123604,456.1139252260355,325
543.9624380009384,454.96677235333345,325
545.6007420895164,453.8196194806314,325
547.2390461780944,452.6724666079293,325
548.8773502666725,451.52531373522726,325
550.5156543552505,450.3781608625252,325
552.1539584438285,449.2310079898231,325
553.7922625324065,448.08385511712106,320
555.3243514186445,446.798279897748,315
556.7385649810176,445.3840663353749,310
558.0241402003907,443.85197744913694,305
559.1712930730928,442.21367336055897,300
560.1712930730928,440.4816225529901,295
561.0165295965742,438.6690069789168,290
561.7005698832255,436.789621737345,285
562.2182079734306,434.85777008476686,280
562.5655043287644,432.88815457874244,275
562.7398158142597,430.89576518255893,270
562.7398158142597,428.89576518255893,265
562.5655043287644,426.9033757863754,265
562.3911928432691,424.9109863901919,265
562.2168813577738,422.9185969940084,265
562.0425698722785,420.9262075978249,265
561.8682583867832,418.9338182016414,265
561.6939469012879,416.94142880545786,265
561.5196354157925,414.94903940927435,265
561.3453239302972,412.95665001309084,265
561.1710124448019,410.9642606169073,265
560.9967009593066,408.9718712207238,265
560.8223894738113,406.9794818245403,265
560.648077988316,404.9870924283568,265
560.4737665028207,402.9947030321733,265
560.2994550173254,401.00231363598976,265
560.1251435318301,399.00992423980625,265
559.9508320463348,397.01753484362274,265
559.7765205608395,395.02514544743923,265
559.6022090753441,393.0327560512557,265
559.4278975898488,391.0403666550722,265
559.2535861043535,389.0479772588887,265
559.0792746188582,387.0555878627052,265
558.9049631333629,385.06319846652167,265
558.7306516478676,383.07080907033816,265
558.5563401623723,381.07841967415465,265
558.382028676877,379.08603027797113,265
558.2077171913817,377.0936408817876,265
558.0334057058864,375.1012514856041,265
557.8590942203911,373.1088620894206,265
557.6847827348957,371.1164726932371,265
557.5104712494004,369.1240832970536,265
557.3361597639051,367.13169390087006,265
557.1618482784098,365.13930450468655,265
556.9875367929145,363.14691510850304,265
556.8132253074192,361.1545257123195,265
556.6389138219239,359.162136316136,265
556.4646023364286,357.1697469199525,265
556.2902908509333,355.177357523769,265
556.115979365438,353.1849681275855,270
556.115979365438,351.1849681275855,275
556.2902908509333,349.19257873140197,280
556.6375872062671,347.22296322537755,285
557.1552252964722,345.2911115727994,290
557.8392655831235,343.4117263312276,295
558.6845021066049,341.59911075715434,300
559.6845021066049,339.86705994958544,305
560.831654979307,338.22875586100747,310
562.1172301986801,336.6966669747695,315
563.5314437610532,335.2824534123964,320
565.0635326472911,333.99687819302335,325
566.7018367358692,332.8497253203213,330
568.433887543438,331.8497253203213,335
570.2465031175113,331.0044887968399,340
572.1258883590832,330.32044851018856,345
574.0577400116614,329.80281041998353,345
575.9895916642396,329.2851723297785,345
577.9214433168178,328.7675342395735,345
579.853294969396,328.24989614936845,345
581.7851466219741,327.7322580591634,345
583.7169982745523,327.2146199689584,345
585.6488499271305,326.6969818787534,345
587.5807015797087,326.17934378854835,340
587.5807015797087,326.17934378854835,335
587.5807015797087,326.17934378854835,330
587.5807015797087,326.17934378854835,325
589.2190056682867,325.0321909158463,320
590.7510945545247,323.7466156964732,315
592.1653081168978,322.3324021341001,310
593.4508833362709,320.80031324786216,305
594.598036208973,319.1620091592842,300
595.598036208973,317.4299583517153,295
596.4432727324544,315.617342777642,290
597.1273130191057,313.7379575360702,285
597.6449511093108,311.8061058834921,280
597.9922474646446,309.83649037746767,275
598.1665589501399,307.84410098128416,270
598.1665589501399,305.84410098128416,265
597.9922474646446,303.85171158510065,260
597.6449511093108,301.88209607907623,255
597.1273130191057,299.9502444264981,250
596.4432727324544,298.0708591849263,245
595.598036208973,296.258243610853,240
594.598036208973,294.5261928032841,240
593.598036208973,292.7941419957152,240
592.598036208973,291.0620911881463,240
591.598036208973,289.33004038057743,240
590.598036208973,287.59798957300853,240
589.598036208973,285.86593876543964,240
588.598036208973,284.13388795787074,245
587.7527996854916,282.32127238379746,250
587.0687593988403,280.44188714222565,255
586.5511213086352,278.5100354896475,260
586.2038249533014,276.5404199836231,265
586.029513467806,274.5480305874396,270
586.029513467806,272.5480305874396,275
586.2038249533014,270.5556411912561,280
586.5511213086352,268.5860256852317,285
587.0687593988403,266.65417403265354,290
587.7527996854916,264.77478879108173,295
588.598036208973,262.96217321700846,300
589.598036208973,261.23012240943956,305
590.7451890816751,259.5918183208616,310
592.0307643010482,258.05972943462365,315
593.4449778634213,256.64551587225054,320
594.9770667496592,255.35994065287747,325
596.6153708382373,254.21278778017538,330
598.3474216458061,253.21278778017538,335
600.1600372198794,252.367551256694,340
602.0394224614513,251.68351097004265,345
603.9712741140295,251.1658728798376,350
605.9408896200539,250.81857652450373,355
607.9332790162374,250.64426503900842,0
609.9332790162374,250.64426503900842,5
611.9256684124209,250.81857652450373,10
613.8952839184453,251.1658728798376,15
615.8271355710235,251.68351097004265,20
617.7065208125954,252.367551256694,25
619.5191363866687,253.21278778017538,30
621.2511871942376,254.21278778017538,35
622.8894912828156,255.35994065287747,40
624.4215801690535,256.64551587225054,45
625.8357937314266,258.05972943462365,50
627.1213689507997,259.5918183208616,55
628.2685218235018,261.23012240943956,60
629.2685218235018,262.96217321700846,65
630.1137583469832,264.77478879108173,70
630.7977986336346,266.65417403265354,75
631.3154367238396,268.5860256852317,80
631.6627330791734,270.5556411912561,85
631.8370445646688,272.5480305874396,85
632.0113560501641,274.5404199836231,85
632.1856675356594,276.5328093798066,85
632.3599790211547,278.52519877599013,85
632.53429050665,280.51758817217365,85
632.7086019921453,282.50997756835716,85
632.8829134776406,284.50236696454067,80
633.2302098329744,286.4719824705651,75
633.7478479231795,288.4038341231432,70
634.4318882098308,290.283219364715,65
635.2771247333122,292.0958349387883,60
636.2771247333122,293.8278857463572,55
637.4242776060144,295.46618983493516,50
638.7098528253874,296.9982787211731,50
639.9954280447605,298.53036760741105,50
641.2810032641336,300.062456493649,50
642.5665784835066,301.59454537988694,50
643.8521537028797,303.1266342661249,50
645.1377289222528,304.6587231523628,50
645.1377289222528,304.6587231523628,50
645.1377289222528,304.6587231523628,50
645.1377289222528,304.6587231523628,50
645.1377289222528,304.6587231523628,50
645.1377289222528,304.6587231523628,50
645.1377289222528,304.6587231523628,45
645.1377289222528,304.6587231523628,40
645.1377289222528,304.6587231523628,35
645.1377289222528,304.6587231523628,30
645.1377289222528,304.6587231523628,25
645.1377289222528,304.6587231523628,20
645.1377289222528,304.6587231523628,15
647.069580574831,305.17636124256785,10
649.0391960808554,305.5236575979017,10
651.0088115868798,305.8709539532356,10
652.9784270929042,306.21825030856945,10
654.9480425989286,306.5655466639033,10
656.917658104953,306.9128430192372,10
658.8872736109774,307.26013937457105,10
660.8568891170019,307.6074357299049,10
662.8265046230263,307.9547320852388,10
664.7961201290507,308.30202844057266,10
666.7657356350751,308.6493247959065,10
668.7353511410995,308.9966211512404,10
670.7049666471239,309.34391750657426,10
672.6745821531483,309.6912138619081,10
674.6441976591727,310.038510217242,10
676.6138131651971,310.38580657257586,10
678.5834286712216,310.7331029279097,10
680.553044177246,311.0803992832436,10
682.5226596832704,311.42769563857746,10
684.4922751892948,311.7749919939113,10
686.4618906953192,312.1222883492452,10
688.4315062013436,312.46958470457906,10
690.401121707368,312.81688105991293,10
692.3707372133924,313.1641774152468,10
694.3403527194168,313.51147377058066,10
696.3099682254413,313.85877012591453,10
698.2795837314657,314.2060664812484,10
700.2491992374901,314.55336283658227,10
702.2188147435145,314.90065919191613,10
704.1884302495389,315.24795554725,10
706.1580457555633,315.59525190258387,10
708.1276612615877,315.94254825791774,10
710.0972767676121,316.2898446132516,10
712.0668922736365,316.63714096858547,10
714.036507779661,316.98443732391934,10
716.0061232856854,317.3317336792532,10
717.9757387917098,317.6790300345871,10
719.9453542977342,318.02632638992094,10
721.9149698037586,318.3736227452548,10
723.884585309783,318.7209191005887,10
725.8542008158074,319.06821545592254,10
727.8238163218318,319.4155118112564,10
729.7934318278562,319.7628081665903,10
731.7630473338806,320.11010452192414,10
