100.0,100.0,0.0
100.0,100.0,0.0
100.0,100.0,0.0
100.0,100.0,0.0
100.0,100.0,0.0
100.0,100.0,0.0
100.0,100.0,0.0
100.0,100.0,0.0
100.0,100.0,0.0
100.0,100.0,0.0
100.0,100.0,0.0
100.0,100.0,0.0
100.0,100.0,0.0
100.0,100.0,0.0
100.0,100.0,0.0
100.0,100.0,0.0
100.0,100.0,0.0
100.0,100.0,0.0
100.0,100.0,0.0
100.0,100.0,0.0
100.0,100.0,0.0
100.0,100.0,0.0
100.0,100.0,0.0
100.0,100.0,0.0
100.0,100.0,0.0
100.0,100.0,0.0
100.0,100.0,0.0
100.0,100.0,0.0
100.0,100.0,0.0
100.0,100.0,0.0
100.0,100.0,0.0
100.0,100.0,0.0
100.0,100.0,0.0
100.0,100.0,0.0
100.0,100.0,0.0
100.0,100.0,0.0
100.0,100.0,0.0
100.0,100.0,0.0
100.0,100.0,0.0
100.0,100.0,0.0
100.0,100.0,0.0
100.0,100.0,0.0
100.0,100.0,0.0
100.0,100.0,5.0
100.0,100.0,10.0
100.0,100.0,15.0
100.0,100.0,20.0
100.0,100.0,25.0
100.0,100.0,30.0
100.0,100.0,35.0
100.0,100.0,35.0
100.0,100.0,35.0
100.0,100.0,35.0
100.0,100.0,35.0
100.0,100.0,35.0
100.0,100.0,35.0
100.0,100.0,35.0
100.0,100.0,35.0
100.0,100.0,35.0
100.0,100.0,35.0
100.0,100.0,35.0
100.0,100.0,35.0
100.0,100.0,35.0
100.0,100.0,35.0
100.0,100.0,35.0
100.0,100.0,35.0
100.0,100.0,35.0
100.0,100.0,35.0
100.0,100.0,35.0
100.0,100.0,35.0
100.0,100.0,35.0
100.0,100.0,35.0
100.0,100.0,35.0
100.0,100.0,35.0
100.0,100.0,35.0
100.0,100.0,35.0
100.0,100.0,35.0
100.0,100.0,40.0
100.0,100.0,45.0
100.0,100.0,50.0
100.0,100.0,55.0
100.0,100.0,60.0
100.0,100.0,65.0
100.0,100.0,70.0
100.0,100.0,70.0
100.0,100.0,70.0
100.0,100.0,70.0
100.0,100.0,70.0
100.0,100.0,70.0
100.0,100.0,70.0
100.0,100.0,70.0
100.0,100.0,70.0
100.0,100.0,70.0
100.0,100.0,70.0
100.0,100.0,70.0
100.0,100.0,70.0
100.0,100.0,70.0
100.0,100.0,70.0
100.0,100.0,70.0
100.0,100.0,70.0
100.0,100.0,70.0
100.0,100.0,70.0
100.0,100.0,70.0
100.0,100.0,70.0
100.0,100.0,70.0
100.0,100.0,70.0
100.0,100.0,70.0
100.0,100.0,70.0
100.0,100.0,70.0
100.0,100.0,70.0
100.0,100.0,70.0
100.0,100.0,70.0
100.0,100.0,70.0
100.0,100.0,70.0
100.0,100.0,70.0
100.0,100.0,70.0
100.0,100.0,70.0
100.0,100.0,70.0
100.0,100.0,70.0
100.0,100.0,70.0
100.0,100.0,70.0
100.0,100.0,70.0
100.0,100.0,70.0
100.0,100.0,70.0
100.0,100.0,70.0
100.0,100.0,70.0
100.0,100.0,70.0
100.0,100.0,70.0
100.0,100.0,70.0
100.0,100.0,75.0
100.0,100.0,80.0
100.0,100.0,85.0
100.0,100.0,90.0
100.0,100.0,95.0
100.0,100.0,100.0
100.0,100.0,105.0
100.0,100.0,110.0
100.0,100.0,115.0
100.0,100.0,115.0
100.0,100.0,115.0
100.0,100.0,115.0
100.0,100.0,115.0
100.0,100.0,115.0
100.0,100.0,115.0
100.0,100.0,115.0
100.0,100.0,115.0
100.0,100.0,115.0
100.0,100.0,115.0
100.0,100.0,115.0
100.0,100.0,115.0
100.0,100.0,115.0
100.0,100.0,115.0
100.0,100.0,115.0
100.0,100.0,115.0
100.0,100.0,115.0
100.0,100.0,115.0
100.0,100.0,115.0
100.0,100.0,115.0
100.0,100.0,115.0
100.0,100.0,115.0
100.0,100.0,115.0
100.0,100.0,115.0
100.0,100.0,115.0
100.0,100.0,115.0
100.0,100.0,115.0
100.0,100.0,115.0
100.0,100.0,115.0
100.0,100.0,115.0
100.0,100.0,115.0
100.0,100.0,115.0
100.0,100.0,115.0
100.0,100.0,115.0
100.0,100.0,115.0
100.0,100.0,115.0
100.0,100.0,115.0
100.0,100.0,115.0
100.0,100.0,115.0
100.0,100.0,115.0
99.67458393845966,100.69785699601822,115.0
99.34916787691932,101.39571399203643,115.0
99.02375181537899,102.09357098805465,115.0
98.69833575383865,102.79142798407287,115.0
98.40250297062016,103.42584343499853,115.0
98.07708690907982,104.12370043101674,115.0
97.78125412586134,104.7581158819424,115.0
97.455838064321,105.45597287796062,115.0
97.13042200278066,106.15382987397884,115.0
96.80500594124032,106.85168686999705,115.0
96.50917315802184,107.48610232092271,115.0
96.1837570964815,108.18395931694093,115.0
95.85834103494116,108.88181631295915,115.0
95.53292497340082,109.57967330897736,115.0
95.20750891186049,110.27753030499558,115.0
94.88209285032015,110.9753873010138,115.0
94.55667678877981,111.67324429703201,115.0
94.26084400556132,112.30765974795767,115.0
93.93542794402099,113.00551674397589,115.0
93.6395951608025,113.63993219490155,115.0
93.34376237758401,114.2743476458272,115.0
93.04792959436553,114.90876309675286,115.0
92.72251353282519,115.60662009277108,115.0
92.39709747128485,116.3044770887893,115.0
92.07168140974451,117.00233408480752,115.0
91.77584862652603,117.63674953573317,115.0
91.45043256498569,118.33460653175139,115.0
91.12501650344535,119.03246352776961,115.0
90.82918372022687,119.66687897869527,115.0
90.53335093700838,120.30129442962092,115.0
90.23751815378989,120.93570988054658,115.0
89.91210209224955,121.6335668765648,115.0
89.58668603070922,122.33142387258302,115.0
89.29085324749073,122.96583932350867,115.0
88.99502046427224,123.60025477443433,115.0
88.69918768105376,124.23467022535999,115.0
88.37377161951342,124.93252722137821,115.0
88.04835555797308,125.63038421739643,115.0
87.72293949643274,126.32824121341464,115.0
87.3975234348924,127.02609820943286,115.0
87.07210737335207,127.72395520545108,115.0
86.74669131181173,128.4218122014693,115.0
86.42127525027139,129.11966919748753,115.0
86.1254424670529,129.75408464841317,115.0
85.82960968383442,130.3885000993388,115.0
85.53377690061593,131.02291555026446,115.0
85.2083608390756,131.7207725462827,115.0
84.91252805585711,132.35518799720833,115.0
84.58711199431677,133.05304499322656,115.0
84.26169593277643,133.7509019892448,115.0
83.9362798712361,134.44875898526303,115.0
83.61086380969576,135.14661598128126,115.0
83.28544774815542,135.8444729772995,110.0
83.02209223779465,136.56803629530464,105.0
82.82280157306572,137.31179918154723,100.0
82.68909247626218,138.07010115136663,95.0
82.62198255434647,138.83717106889728,90.0
82.62198255434647,139.6071710688973,85.0
82.68909247626218,140.37424098642794,80.0
82.82280157306572,141.13254295624733,75.0
83.02209223779465,141.87630584248993,70.0
83.28544774815542,142.59986916049507,65.0
83.5812805313739,143.23428461142072,60.0
83.9312805313739,143.84050239406983,55.0
84.37293438736421,144.47124946817235,50.0
84.82288571414479,145.00748057835563,50.0
85.31783217360342,145.59733479955725,50.0
85.81277863306205,146.18718902075886,50.0
86.30772509252068,146.77704324196048,50.0
86.80267155197932,147.3668974631621,50.0
87.2526228787599,147.90312857334538,50.0
87.74756933821853,148.492982794547,50.0
88.24251579767716,149.08283701574862,50.0
88.69246712445774,149.6190681259319,50.0
89.14241845123831,150.15529923611518,50.0
89.63736491069695,150.7451534573168,50.0
90.13231137015558,151.33500767851842,50.0
90.62725782961421,151.92486189972004,50.0
91.07720915639479,152.46109300990332,50.0
91.57215561585342,153.05094723110494,50.0
92.06710207531205,153.64080145230656,50.0
92.56204853477068,154.23065567350818,50.0
93.05699499422931,154.8205098947098,50.0
93.55194145368795,155.41036411591142,50.0
94.04688791314658,156.00021833711304,50.0
94.49683923992716,156.53644944729632,50.0
94.99178569938579,157.12630366849794,50.0
95.48673215884442,157.71615788969956,50.0
95.98167861830305,158.30601211090118,50.0
96.47662507776168,158.8958663321028,50.0
96.92657640454226,159.43209744228608,50.0
97.42152286400089,160.0219516634877,50.0
97.91646932345952,160.61180588468932,50.0
98.41141578291816,161.20166010589094,50.0
98.86136710969873,161.73789121607422,50.0
99.35631356915736,162.32774543727584,50.0
99.851260028616,162.91759965847746,50.0
100.34620648807463,163.50745387967908,50.0
100.84115294753326,164.0973081008807,50.0
101.33609940699189,164.68716232208232,50.0
101.83104586645052,165.27701654328393,50.0
102.32599232590916,165.86687076448555,50.0
102.82093878536779,166.45672498568717,50.0
103.31588524482642,167.0465792068888,50.0
103.765836571607,167.58281031707207,50.0
104.26078303106563,168.1726645382737,50.0
104.75572949052426,168.7625187594753,50.0
105.25067594998289,169.35237298067693,50.0
105.70062727676347,169.8886040908602,50.0
106.1955737362221,170.47845831206183,50.0
106.69052019568073,171.06831253326345,50.0
107.18546665513936,171.65816675446507,50.0
107.680413114598,172.2480209756667,50.0
108.17535957405663,172.8378751968683,50.0
108.67030603351526,173.42772941806993,50.0
109.16525249297389,174.01758363927155,50.0
109.66019895243252,174.60743786047317,50.0
110.1101502792131,175.14366897065645,50.0
110.60509673867173,175.73352319185807,50.0
111.10004319813036,176.3233774130597,50.0
111.54999452491094,176.85960852324297,50.0
112.04494098436957,177.4494627444446,50.0
112.5398874438282,178.0393169656462,50.0
113.03483390328684,178.62917118684783,50.0
113.52978036274547,179.21902540804945,50.0
113.97973168952605,179.75525651823273,50.0
114.47467814898468,180.34511073943435,50.0
114.96962460844331,180.93496496063597,50.0
115.46457106790194,181.5248191818376,50.0
115.95951752736057,182.1146734030392,50.0
116.4544639868192,182.70452762424082,50.0
116.90441531359978,183.2407587344241,50.0
117.39936177305842,183.83061295562572,50.0
117.89430823251705,184.42046717682734,50.0
118.38925469197568,185.01032139802896,50.0
118.88420115143431,185.60017561923058,50.0
119.37914761089294,186.1900298404322,50.0
119.87409407035157,186.77988406163382,50.0
120.3690405298102,187.36973828283544,50.0
120.81899185659078,187.90596939301872,50.0
121.31393831604942,188.49582361422034,50.0
121.80888477550805,189.08567783542196,50.0
122.30383123496668,189.67553205662358,50.0
122.75378256174726,190.21176316680686,50.0
123.24872902120589,190.80161738800848,50.0
123.74367548066452,191.3914716092101,50.0
124.23862194012315,191.98132583041172,50.0
124.73356839958178,192.57118005161334,50.0
125.18351972636236,193.10741116179662,55.0
125.62517358235267,193.73815823589914,60.0
126.01017358235268,194.40499779681315,65.0
126.33558964389302,195.10285479283138,70.0
126.59894515425378,195.82641811083653,75.0
126.79823581898272,196.57018099707912,80.0
126.93194491578626,197.32848296689852,85.0
126.99905483770196,198.09555288442917,90.0
126.99905483770196,198.86555288442918,95.0
126.99905483770196,198.86555288442918,95.0
126.99905483770196,198.86555288442918,95.0
126.99905483770196,198.86555288442918,95.0
126.93194491578626,199.63262280195983,95.0
126.86483499387056,200.39969271949047,95.0
126.79772507195486,201.16676263702112,95.0
126.7367160520315,201.86409892568534,95.0
126.6696061301158,202.631168843216,95.0
126.6024962082001,203.39823876074664,95.0
126.54148718827673,204.09557504941085,95.0
126.47437726636103,204.8626449669415,95.0
126.40726734444533,205.62971488447215,95.0
126.34015742252963,206.3967848020028,95.0
126.27304750061393,207.16385471953345,95.0
126.20593757869823,207.9309246370641,95.0
126.13882765678252,208.69799455459474,95.0
126.07171773486682,209.4650644721254,95.0
126.01070871494346,210.1624007607896,95.0
125.94359879302776,210.92947067832026,95.0
125.87648887111206,211.6965405958509,95.0
125.80937894919636,212.46361051338155,95.0
125.74226902728066,213.2306804309122,95.0
125.67515910536495,213.99775034844285,95.0
125.60804918344925,214.7648202659735,95.0
125.54093926153355,215.53189018350415,95.0
125.47382933961785,216.2989601010348,95.0
125.40671941770215,217.06603001856544,95.0
125.33960949578645,217.8330999360961,95.0
125.27249957387075,218.60016985362674,95.0
125.20538965195504,219.3672397711574,95.0
125.13827973003934,220.13430968868803,95.0
125.07116980812364,220.90137960621868,95.0
125.01016078820028,221.5987158948829,95.0
124.94305086628458,222.36578581241355,95.0
124.87594094436888,223.1328557299442,95.0
124.80883102245318,223.89992564747484,95.0
124.74172110053748,224.6669955650055,95.0
124.67461117862177,225.43406548253614,95.0
124.60750125670607,226.2011354000668,95.0
124.54039133479037,226.96820531759744,95.0
124.47328141287467,227.73527523512809,95.0
124.41227239295131,228.4326115237923,95.0
124.34516247103561,229.19968144132295,95.0
124.28415345111225,229.89701772998717,95.0
124.21704352919654,230.66408764751782,90.0
124.21704352919654,231.43408764751783,85.0
124.28415345111225,232.20115756504848,80.0
124.41786254791579,232.95945953486788,75.0
124.61715321264472,233.70322242111047,70.0
124.85656731297269,234.3610072556606,65.0
125.18198337451302,235.05886425167884,60.0
125.56698337451303,235.72570381259285,55.0
126.00863723050334,236.35645088669537,50.0
126.50358368996197,236.946305107897,50.0
126.9985301494206,237.5361593290986,50.0
127.49347660887923,238.12601355030023,50.0
127.98842306833787,238.71586777150185,50.0
128.4833695277965,239.30572199270347,50.0
128.93332085457706,239.84195310288675,50.0
129.4282673140357,240.43180732408837,50.0
129.92321377349435,241.02166154529,50.0
130.418160232953,241.6115157664916,50.0
130.91310669241165,242.20136998769323,50.0
131.4080531518703,242.79122420889485,50.0
131.85800447865086,243.32745531907813,50.0
132.3529509381095,243.91730954027975,50.0
132.84789739756815,244.50716376148137,50.0
133.3428438570268,245.09701798268298,50.0
133.83779031648544,245.6868722038846,50.0
134.33273677594408,246.27672642508622,50.0
134.82768323540273,246.86658064628784,50.0
135.2776345621833,247.40281175647112,50.0
135.77258102164194,247.99266597767274,50.0
136.2225323484225,248.52889708785602,50.0
136.71747880788115,249.11875130905764,50.0
137.2124252673398,249.70860553025926,50.0
137.70737172679844,250.29845975146088,50.0
138.2023181862571,250.8883139726625,50.0
138.69726464571573,251.47816819386412,50.0
139.19221110517438,252.06802241506574,50.0
139.68715756463303,252.65787663626736,50.0
140.18210402409167,253.24773085746898,50.0
140.67705048355032,253.8375850786706,50.0
141.17199694300896,254.42743929987222,50.0
141.6669434024676,255.01729352107384,50.0
142.16188986192626,255.60714774227546,50.0
142.6568363213849,256.1970019634771,50.0
143.15178278084355,256.7868561846787,50.0
143.6467292403022,257.3767104058803,50.0
144.14167569976084,257.96656462708194,50.0
144.5916270265414,258.5027957372652,50.0
145.08657348600005,259.09264995846684,50.0
145.5815199454587,259.68250417966846,50.0
146.07646640491734,260.2723584008701,50.0
146.571412864376,260.8622126220717,50.0
147.06635932383463,261.4520668432733,50.0
147.56130578329328,262.04192106447493,50.0
148.05625224275192,262.63177528567655,50.0
148.55119870221057,263.2216295068782,50.0
149.04614516166922,263.8114837280798,50.0
149.54109162112786,264.4013379492814,55.0
149.98274547711816,265.03208502338396,60.0
150.36774547711815,265.69892458429797,65.0
150.6931615386585,266.3967815803162,70.0
150.93257563898646,267.0545664148663,75.0
151.1318663037154,267.7983293011089,80.0
151.26557540051894,268.5566312709283,85.0
151.33268532243463,269.3237011884589,90.0
151.33268532243463,270.0237011884589,95.0
151.26557540051894,270.79077110598956,95.0
151.2045663805956,271.4881073946538,95.0
151.1374564586799,272.25517731218446,95.0
151.07034653676422,273.0222472297151,95.0
151.00323661484853,273.78931714724575,95.0
150.93612669293285,274.5563870647764,95.0
150.86901677101716,275.32345698230705,95.0
150.80190684910147,276.0905268998377,95.0
150.73479692718578,276.85759681736835,95.0
150.6676870052701,277.624666734899,95.0
150.6005770833544,278.39173665242964,95.0
150.53346716143872,279.1588065699603,95.0
150.46635723952303,279.92587648749094,95.0
150.4053482195997,280.6232127761552,95.0
150.34433919967634,281.32054906481943,95.0
150.27722927776065,282.0876189823501,95.0
150.21011935584497,282.8546888998807,95.0
150.14300943392928,283.6217588174114,95.0
150.08200041400593,284.3190951060756,95.0
150.01489049209025,285.08616502360627,95.0
149.94778057017456,285.8532349411369,95.0
149.8867715502512,286.55057122980116,95.0
149.81966162833552,287.3176411473318,95.0
149.75255170641984,288.08471106486246,95.0
149.6915426864965,288.7820473535267,95.0
149.6244327645808,289.54911727105736,95.0
149.56342374465746,290.2464535597216,95.0
149.5024147247341,290.94378984838585,95.0
149.43530480281842,291.7108597659165,95.0
149.37429578289508,292.40819605458074,95.0
149.3071858609794,293.1752659721114,95.0
149.2400759390637,293.94233588964204,95.0
149.172966017148,294.7094058071727,95.0
149.11195699722467,295.40674209583693,95.0
149.04484707530898,296.1738120133676,95.0
148.9777371533933,296.94088193089823,95.0
148.9106272314776,297.7079518484289,95.0
148.84351730956192,298.4750217659595,95.0
148.77640738764623,299.2420916834902,95.0
148.70929746573054,300.0091616010208,95.0
148.64218754381486,300.77623151855147,95.0
148.5811785238915,301.4735678072157,95.0
148.51406860197582,302.24063772474636,95.0
148.44695868006013,303.007707642277,95.0
148.3859496601368,303.70504393094126,95.0
148.3188397382211,304.4721138484719,95.0
148.2517298163054,305.23918376600255,95.0
148.19072079638207,305.9365200546668,95.0
148.12971177645872,306.63385634333105,95.0
148.06870275653537,307.3311926319953,95.0
148.0015928346197,308.09826254952594,95.0
147.934482912704,308.8653324670566,95.0
147.8673729907883,309.63240238458724,95.0
147.80026306887262,310.3994723021179,95.0
147.73315314695694,311.16654221964853,95.0
147.66604322504125,311.9336121371792,95.0
147.59893330312556,312.70068205470983,95.0
147.53182338120988,313.4677519722405,95.0
147.4647134592942,314.2348218897711,95.0
147.3976035373785,315.0018918073018,95.0
147.33659451745515,315.699228095966,95.0
147.26948459553947,316.46629801349667,95.0
147.20237467362378,317.2333679310273,95.0
147.1352647517081,318.00043784855797,95.0
147.0681548297924,318.7675077660886,95.0
147.00714580986906,319.46484405475286,95.0
146.94003588795337,320.2319139722835,95.0
146.87902686803002,320.92925026094775,95.0
146.81191694611434,321.6963201784784,95.0
146.74480702419865,322.46339009600905,95.0
146.67769710228296,323.2304600135397,95.0
146.61058718036728,323.99752993107035,95.0
146.5434772584516,324.764599848601,95.0
146.48246823852824,325.46193613726524,95.0
146.41535831661255,326.2290060547959,95.0
146.3543492966892,326.92634234346013,95.0
146.29334027676586,327.6236786321244,95.0
146.22623035485017,328.39074854965503,95.0
146.16522133492683,329.0880848383193,95.0
146.09811141301114,329.8551547558499,95.0
146.0371023930878,330.55249104451417,95.0
145.97609337316445,331.2498273331784,95.0
145.90898345124876,332.01689725070906,95.0
145.84187352933307,332.7839671682397,95.0
145.77476360741738,333.55103708577036,95.0
145.71375458749404,334.2483733744346,95.0
145.64664466557835,335.01544329196525,95.0
145.57953474366266,335.7825132094959,95.0
145.51852572373932,336.47984949816015,95.0
145.45141580182363,337.2469194156908,95.0
145.38430587990794,338.01398933322145,95.0
145.31719595799225,338.7810592507521,95.0
145.25008603607657,339.54812916828274,95.0
145.18297611416088,340.3151990858134,95.0
145.1158661922452,341.08226900334404,95.0
145.0487562703295,341.8493389208747,95.0
144.98774725040616,342.54667520953893,95.0
144.92063732849047,343.3137451270696,95.0
144.85352740657478,344.08081504460023,95.0
144.7864174846591,344.8478849621309,95.0
144.7193075627434,345.6149548796615,95.0
144.65829854282006,346.31229116832577,95.0
144.59118862090438,347.0793610858564,95.0
144.5240786989887,347.84643100338707,95.0
144.456968777073,348.6135009209177,95.0
144.39595975714965,349.31083720958196,95.0
144.32884983523397,350.0779071271126,95.0
144.26784081531062,350.77524341577686,95.0
144.20073089339493,351.5423133333075,95.0
144.13362097147925,352.30938325083815,95.0
144.06651104956356,353.0764531683688,95.0
143.99940112764787,353.84352308589945,95.0
143.93229120573218,354.6105930034301,95.0
143.8651812838165,355.37766292096074,95.0
143.7980713619008,356.1447328384914,95.0
143.73096143998512,356.91180275602204,95.0
143.66385151806944,357.6788726735527,95.0
143.59674159615375,358.44594259108334,95.0
143.52963167423806,359.213012508614,95.0
143.46252175232237,359.98008242614463,95.0
143.3954118304067,360.7471523436753,95.0
143.33440281048334,361.4444886323395,95.0
143.26729288856765,362.2115585498702,95.0
143.20018296665197,362.9786284674008,95.0
143.13307304473628,363.7456983849315,95.0
143.07206402481293,364.4430346735957,95.0
143.01105500488958,365.14037096225996,95.0
142.9439450829739,365.9074408797906,95.0
142.88293606305055,366.60477716845486,95.0
142.81582614113486,367.3718470859855,95.0
142.74871621921918,368.13891700351616,95.0
142.6816062973035,368.9059869210468,95.0
142.62059727738014,369.60332320971105,95.0
142.55348735546445,370.3703931272417,95.0
142.4924783355411,371.06772941590594,95.0
142.42536841362542,371.8347993334366,95.0
142.35825849170973,372.60186925096724,95.0
142.2972494717864,373.2992055396315,95.0
142.2301395498707,374.06627545716213,95.0
142.163029627955,374.8333453746928,95.0
142.09591970603933,375.60041529222343,95.0
142.03491068611598,376.2977515808877,95.0
141.97390166619263,376.9950878695519,95.0
141.90679174427694,377.7621577870826,95.0
141.83968182236126,378.5292277046132,95.0
141.77257190044557,379.29629762214387,95.0
141.70546197852988,380.0633675396745,95.0
141.6383520566142,380.83043745720516,95.0
141.5712421346985,381.5975073747358,95.0
141.50413221278282,382.36457729226646,95.0
141.43702229086713,383.1316472097971,95.0
141.36991236895145,383.89871712732776,95.0
141.30280244703576,384.6657870448584,95.0
141.23569252512007,385.43285696238905,95.0
141.17468350519673,386.1301932510533,95.0
141.10757358328104,386.89726316858395,95.0
141.04046366136535,387.6643330861146,95.0
140.97335373944966,388.43140300364524,95.0
140.91234471952632,389.1287392923095,95.0
140.84523479761063,389.89580920984014,95.0
140.77812487569494,390.6628791273708,95.0
140.71101495377926,391.42994904490143,95.0
140.64390503186357,392.1970189624321,95.0
140.57679510994788,392.96408887996273,95.0
140.5096851880322,393.7311587974934,95.0
140.4425752661165,394.498228715024,95.0
140.37546534420082,395.2652986325547,95.0
140.30835542228513,396.0323685500853,95.0
140.24124550036944,396.79943846761597,95.0
140.17413557845376,397.5665083851466,95.0
140.1131265585304,398.26384467381087,95.0
140.04601663661472,399.0309145913415,95.0
139.97890671469904,399.79798450887216,95.0
139.91179679278335,400.5650544264028,95.0
139.84468687086766,401.33212434393346,95.0
139.77757694895197,402.0991942614641,95.0
139.7104670270363,402.86626417899475,95.0
139.6433571051206,403.6333340965254,95.0
139.5762471832049,404.40040401405605,90.0
139.5762471832049,405.10040401405604,85.0
139.6433571051206,405.8674739315867,80.0
139.77706620192413,406.6257759014061,75.0
139.97635686665308,407.36953878764865,70.0
140.21577096698104,408.02732362219876,65.0
140.51160375019953,408.6617390731244,60.0
140.89660375019952,409.3285786340384,55.0
141.3382576061898,409.95932570814097,50.0
141.83320406564846,410.5491799293426,50.0
142.3281505251071,411.1390341505442,50.0
142.82309698456575,411.7288883717458,50.0
143.3180434440244,412.31874259294744,50.0
143.81298990348304,412.90859681414906,50.0
144.3079363629417,413.4984510353507,50.0
144.80288282240033,414.0883052565523,50.0
145.29782928185898,414.6781594777539,50.0
145.74778060863954,415.2143905879372,50.0
146.2427270680982,415.8042448091388,50.0
146.73767352755684,416.39409903034044,50.0
147.23261998701548,416.98395325154206,50.0
147.72756644647413,417.5738074727437,50.0
148.22251290593277,418.1636616939453,50.0
148.71745936539142,418.7535159151469,50.0
149.21240582485007,419.34337013634854,50.0
149.7073522843087,419.93322435755016,50.0
150.20229874376736,420.5230785787518,50.0
150.697245203226,421.1129327999534,50.0
151.19219166268465,421.702787021155,50.0
151.6871381221433,422.29264124235664,50.0
152.18208458160194,422.88249546355826,50.0
152.6770310410606,423.4723496847599,50.0
153.12698236784115,424.00858079494316,50.0
153.6219288272998,424.5984350161448,50.0
154.11687528675844,425.1882892373464,50.0
154.566826613539,425.7245203475297,50.0
155.01677794031957,426.26075145771296,50.0
155.51172439977822,426.8506056789146,50.0
156.00667085923686,427.4404599001162,50.0
156.5016173186955,428.0303141213178,50.0
156.99656377815415,428.62016834251943,50.0
157.4915102376128,429.21002256372105,50.0
157.94146156439336,429.74625367390433,50.0
158.39141289117393,430.2824847840876,50.0
158.88635935063257,430.87233900528923,50.0
159.38130581009122,431.46219322649085,50.0
159.87625226954987,432.0520474476925,50.0
160.32620359633043,432.58827855787575,50.0
160.82115005578908,433.1781327790774,50.0
161.31609651524772,433.767987000279,50.0
161.81104297470637,434.3578412214806,50.0
162.305989434165,434.94769544268223,50.0
162.75594076094558,435.4839265528655,50.0
163.20589208772614,436.0201576630488,50.0
163.7008385471848,436.6100118842504,50.0
164.15078987396535,437.1462429944337,50.0
164.645736333424,437.7360972156353,50.0
165.14068279288264,438.32595143683693,50.0
165.5906341196632,438.8621825470202,50.0
166.08558057912185,439.45203676822183,50.0
166.53553190590242,439.9882678784051,50.0
167.03047836536106,440.57812209960673,50.0
167.5254248248197,441.16797632080835,50.0
168.02037128427835,441.75783054200997,50.0
168.515317743737,442.3476847632116,50.0
169.01026420319565,442.9375389844132,50.0
169.4602155299762,443.4737700945965,50.0
169.95516198943486,444.0636243157981,50.0
170.4501084488935,444.6534785369997,50.0
170.94505490835215,445.24333275820135,50.0
171.4400013678108,445.83318697940297,50.0
171.93494782726944,446.4230412006046,50.0
172.42989428672809,447.0128954218062,50.0
172.92484074618673,447.6027496430078,50.0
173.3747920729673,448.1389807531911,50.0
173.86973853242594,448.7288349743927,50.0
174.3646849918846,449.31868919559435,50.0
174.85963145134323,449.90854341679596,50.0
175.3095827781238,450.44477452697924,50.0
175.80452923758244,451.03462874818086,50.0
176.2994756970411,451.6244829693825,50.0
176.74942702382165,452.16071407956576,50.0
177.2443734832803,452.7505683007674,50.0
177.73931994273894,453.340422521969,50.0
178.2342664021976,453.9302767431706,50.0
178.72921286165624,454.52013096437224,50.0
179.1791641884368,455.0563620745555,50.0
179.67411064789545,455.64621629575714,50.0
180.124061974676,456.1824474059404,50.0
180.61900843413466,456.77230162714204,50.0
181.06895976091522,457.3085327373253,50.0
181.56390622037387,457.89838695852694,50.0
182.0588526798325,458.48824117972856,50.0
182.50880400661308,459.02447228991184,50.0
183.00375046607172,459.61432651111346,50.0
183.49869692553037,460.2041807323151,50.0
183.94864825231093,460.74041184249836,50.0
184.44359471176958,461.3302660637,50.0
184.93854117122822,461.9201202849016,50.0
185.3884924980088,462.4563513950849,50.0
185.88343895746743,463.0462056162865,50.0
186.37838541692608,463.6360598374881,50.0
186.87333187638473,464.22591405868974,50.0
187.36827833584337,464.81576827989136,50.0
187.81822966262393,465.35199939007464,50.0
188.2681809894045,465.8882305002579,50.0
188.71813231618506,466.4244616104412,50.0
189.2130787756437,467.0143158316428,50.0
189.70802523510235,467.60417005284444,50.0
190.202971694561,468.19402427404606,50.0
190.69791815401965,468.7838784952477,50.0
191.1928646134783,469.3737327164493,50.0
191.68781107293694,469.9635869376509,50.0
192.18275753239558,470.55344115885254,50.0
192.67770399185423,471.14329538005416,45.0
193.17267873868482,471.6382701268847,40.0
193.76253295988644,472.13321658634334,35.0
194.33593939088874,472.5347200917891,30.0
195.00277895180275,472.9197200917891,25.0
195.70063594782098,473.24513615332944,20.0
196.42419926582613,473.5084916636902,15.0
197.16796215206872,473.70778232841917,10.0
197.92626412188812,473.8414914252227,5.0
198.69333403941877,473.9086013471384,5.0
199.390670328083,473.96961036706176,5.0
200.15774024561364,474.03672028897745,5.0
200.9248101631443,474.10383021089314,5.0
201.69188008067493,474.1709401328088,5.0
202.45894999820558,474.2380500547245,5.0
203.1562862868698,474.29905907464786,5.0
203.92335620440045,474.36616899656354,5.0
204.6904261219311,474.43327891847923,5.0
205.45749603946174,474.5003888403949,5.0
206.2245659569924,474.5674987623106,5.0
206.99163587452304,474.6346086842263,5.0
207.7587057920537,474.701718606142,5.0
208.52577570958434,474.76882852805767,5.0
209.22311199824856,474.829837547981,5.0
209.9901819157792,474.8969474698967,5.0
210.75725183330985,474.9640573918124,5.0
211.45458812197407,475.02506641173574,5.0
212.22165803950472,475.0921763336514,5.0
212.98872795703537,475.1592862555671,5.0
213.68606424569958,475.22029527549046,5.0
214.45313416323023,475.28740519740614,5.0
215.22020408076088,475.35451511932183,5.0
215.98727399829153,475.4216250412375,5.0
216.75434391582218,475.4887349631532,5.0
217.52141383335282,475.5558448850689,5.0
218.28848375088347,475.6229548069846,5.0
218.9858200395477,475.6839638269079,5.0
219.6831563282119,475.7449728468313,5.0
220.38049261687613,475.8059818667546,5.0
221.14756253440677,475.8730917886703,5.0
221.91463245193742,475.940201710586,5.0
222.68170236946807,476.0073116325017,5.0
223.44877228699872,476.07442155441737,5.0
224.14610857566294,476.1354305743407,5.0
224.91317849319358,476.2025404962564,5.0
225.68024841072423,476.2696504181721,5.0
226.37758469938845,476.33065943809544,5.0
227.07492098805267,476.3916684580188,5.0
227.77225727671689,476.45267747794213,5.0
228.4695935653811,476.5136864978655,5.0
229.16692985404532,476.5746955177888,5.0
229.93399977157597,476.6418054397045,5.0
230.70106968910662,476.7089153616202,5.0
231.46813960663727,476.7760252835359,5.0
232.16547589530148,476.83703430345923,5.0
232.93254581283213,476.9041442253749,5.0
233.69961573036278,476.9712541472906,5.0
234.46668564789343,477.0383640692063,5.0
235.23375556542408,477.105473991122,5.0
236.00082548295472,477.17258391303767,5.0
236.76789540048537,477.23969383495336,5.0
237.53496531801602,477.30680375686904,5.0
238.30203523554667,477.37391367878473,5.0
239.06910515307732,477.4410236007004,5.0
239.83617507060796,477.5081335226161,5.0
240.6032449881386,477.5752434445318,5.0
241.37031490566926,477.6423533664475,5.0
242.1373848231999,477.70946328836317,5.0
242.90445474073056,477.77657321027885,5.0
243.6715246582612,477.84368313219454,5.0
244.43859457579185,477.91079305411023,5.0
245.13593086445607,477.9718020740336,5.0
245.90300078198672,478.03891199594926,5.0
246.67007069951737,478.10602191786495,5.0
247.43714061704802,478.17313183978064,5.0
248.20421053457866,478.2402417616963,5.0
248.9712804521093,478.307351683612,5.0
249.73835036963996,478.3744616055277,5.0
250.43568665830418,478.43547062545105,5.0
251.20275657583483,478.50258054736673,5.0
251.96982649336547,478.5696904692824,5.0
252.6671627820297,478.63069948920577,5.0
253.43423269956034,478.69780941112145,5.0
254.201302617091,478.76491933303714,5.0
254.96837253462164,478.83202925495283,5.0
255.73544245215228,478.8991391768685,5.0
256.5025123696829,478.9662490987842,5.0
257.19984865834715,479.02725811870755,5.0
257.8971849470114,479.0882671386309,5.0
258.59452123567564,479.14927615855424,5.0
259.3615911532063,479.21638608046993,5.0
260.12866107073694,479.2834960023856,5.0
260.8957309882676,479.3506059243013,5.0
261.66280090579824,479.417715846217,5.0
262.4298708233289,479.4848257681327,5.0
263.19694074085953,479.55193569004837,5.0
263.8942770295238,479.6129447099717,5.0
264.591613318188,479.67395372989506,5.0
265.3586832357187,479.74106365181075,5.0
266.1257531532493,479.80817357372644,5.0
266.89282307077997,479.8752834956421,5.0
267.6598929883106,479.9423934175578,5.0
268.35722927697486,480.00340243748116,5.0
269.0545655656391,480.0644114574045,5.0
269.75190185430336,480.12542047732785,5.0
270.518971771834,480.19253039924354,5.0
271.28604168936465,480.2596403211592,5.0
271.9833779780289,480.32064934108257,5.0
272.75044789555955,480.38775926299826,5.0
273.4477841842238,480.4487682829216,5.0
274.21485410175444,480.5158782048373,5.0
274.9819240192851,480.582988126753,5.0
275.74899393681574,480.65009804866867,5.0
276.5160638543464,480.71720797058435,5.0
277.28313377187703,480.78431789250004,5.0
278.0502036894077,480.85142781441573,5.0
278.81727360693833,480.9185377363314,5.0
279.5146098956026,480.97954675625476,5.0
280.2816798131332,481.04665667817045,5.0
281.04874973066387,481.11376660008614,5.0
281.7460860193281,481.1747756200095,5.0
282.51315593685877,481.24188554192517,5.0
283.2802258543894,481.30899546384086,5.0
284.04729577192006,481.37610538575655,5.0
284.8143656894507,481.44321530767223,5.0
285.51170197811496,481.5042243275956,5.0
286.2787718956456,481.57133424951127,5.0
287.04584181317625,481.63844417142695,5.0
287.7431781018405,481.6994531913503,5.0
288.51024801937115,481.766563113266,5.0
289.2773179369018,481.8336730351817,5.0
290.04438785443244,481.90078295709736,5.0
290.8114577719631,481.96789287901305,5.0
291.57852768949374,482.03500280092874,5.0
292.3455976070244,482.1021127228444,5.0
293.11266752455504,482.1692226447601,5.0
293.8797374420857,482.2363325666758,5.0
294.64680735961633,482.3034424885915,5.0
295.413877277147,482.3705524105072,5.0
296.1112135658112,482.4315614304305,5.0
296.8782834833419,482.4986713523462,5.0
297.6453534008725,482.5657812742619,5.0
298.41242331840317,482.6328911961776,5.0
299.1794932359338,482.70000111809327,5.0
299.87682952459807,482.7610101380166,5.0
300.6438994421287,482.8281200599323,5.0
301.41096935965936,482.895229981848,5.0
302.17803927719,482.9623399037637,5.0
302.94510919472066,483.02944982567936,5.0
303.7121791122513,483.09655974759505,5.0
304.47924902978195,483.16366966951074,5.0
305.2463189473126,483.2307795914264,5.0
306.01338886484325,483.2978895133421,5.0
306.7804587823739,483.3649994352578,5.0
307.54752869990455,483.4321093571735,5.0
308.3145986174352,483.4992192790892,5.0
309.08166853496584,483.56632920100486,5.0
309.8487384524965,483.63343912292055,5.0
310.61580837002714,483.70054904483624,5.0
311.3828782875578,483.7676589667519,5.0
312.14994820508844,483.8347688886676,5.0
312.8472844937527,483.89577790859096,5.0
313.61435441128333,483.96288783050665,5.0
314.381424328814,484.02999775242233,5.0
315.1484942463446,484.097107674338,5.0
315.8458305350089,484.15811669426137,5.0
316.6129004525395,484.22522661617705,5.0
317.37997037007017,484.29233653809274,5.0
318.1470402876008,484.3594464600084,5.0
318.91411020513146,484.4265563819241,5.0
319.6114464937957,484.48756540184746,5.0
320.37851641132636,484.55467532376315,5.0
321.145586328857,484.62178524567884,5.0
321.91265624638766,484.6888951675945,5.0
322.6797261639183,484.7560050895102,5.0
323.37706245258255,484.81701410943356,5.0
324.1441323701132,484.88412403134924,5.0
324.91120228764385,484.95123395326493,5.0
325.6782722051745,485.0183438751806,5.0
326.44534212270514,485.0854537970963,5.0
327.2124120402358,485.152563719012,5.0
327.97948195776644,485.2196736409277,5.0
328.7465518752971,485.28678356284337,5.0
329.51362179282773,485.35389348475906,5.0
330.2806917103584,485.42100340667474,5.0
331.04776162788903,485.48811332859043,5.0
331.8148315454197,485.5552232505061,5.0
332.5819014629503,485.6223331724218,5.0
333.348971380481,485.6894430943375,5.0
334.1160412980116,485.7565530162532,5.0
334.88311121554227,485.82366293816887,5.0
335.5804475042065,485.8846719580922,5.0
336.34751742173717,485.9517818800079,5.0
337.1145873392678,486.0188918019236,5.0
337.88165725679846,486.0860017238393,5.0
338.6487271743291,486.15311164575496,5.0
339.41579709185976,486.22022156767065,5.0
340.1828670093904,486.28733148958634,5.0
340.94993692692105,486.354441411502,5.0
341.7170068444517,486.4215513334177,5.0
342.41434313311595,486.48256035334106,5.0
343.1814130506466,486.54967027525674,5.0
343.94848296817725,486.61678019717243,5.0
344.7155528857079,486.6838901190881,5.0
345.48262280323854,486.7510000410038,5.0
346.2496927207692,486.8181099629195,5.0
347.01676263829984,486.8852198848352,5.0
347.7838325558305,486.95232980675087,5.0
348.55090247336113,487.01943972866655,5.0
349.3179723908918,487.08654965058224,5.0
350.08504230842243,487.15365957249793,5.0
350.8521122259531,487.2207694944136,5.0
351.5494485146173,487.28177851433696,5.0
352.24678480328157,487.3427875342603,5.0
352.9441210919458,487.40379655418366,5.0
353.71119100947647,487.47090647609934,5.0
354.4782609270071,487.53801639801503,5.0
355.24533084453776,487.6051263199307,5.0
356.0124007620684,487.6722362418464,5.0
356.77947067959906,487.7393461637621,5.0
357.5465405971297,487.8064560856778,5.0
358.24387688579395,487.8674651056011,5.0
359.0109468033246,487.9345750275168,5.0
359.77801672085525,488.0016849494325,5.0
360.4753530095195,488.06269396935585,5.0
361.24242292705014,488.12980389127154,5.0
362.0094928445808,488.1969138131872,5.0
362.70682913324504,488.25792283311057,5.0
363.4041654219093,488.3189318530339,5.0
364.17123533943993,488.3860417749496,5.0
364.9383052569706,488.4531516968653,5.0
365.7053751745012,488.520261618781,5.0
366.4724450920319,488.58737154069667,5.0
367.2395150095625,488.65448146261235,5.0
368.0065849270932,488.72159138452804,5.0
368.7736548446238,488.7887013064437,5.0
369.54072476215447,488.8558112283594,5.0
370.3077946796851,488.9229211502751,5.0
371.07486459721576,488.9900310721908,5.0
371.77220088588,489.05104009211414,5.0
372.53927080341066,489.1181500140298,5.0
373.3063407209413,489.1852599359455,5.0
374.07341063847196,489.2523698578612,5.0
374.8404805560026,489.3194797797769,5.0
375.53781684466685,489.38048879970023,5.0
376.3048867621975,489.4475987216159,5.0
377.07195667972815,489.5147086435316,5.0
377.7692929683924,489.57571766345495,5.0
378.53636288592304,489.64282758537064,5.0
379.3034328034537,489.7099375072863,5.0
380.00076909211793,489.7709465272097,5.0
380.7678390096486,489.83805644912536,5.0
381.53490892717923,489.90516637104105,5.0
382.2322452158435,489.9661753909644,5.0
382.9295815045077,490.02718441088774,5.0
383.69665142203837,490.09429433280343,5.0
384.463721339569,490.1614042547191,5.0
385.23079125709967,490.2285141766348,5.0
385.9978611746303,490.2956240985505,5.0
386.76493109216096,490.3627340204662,5.0
387.4622673808252,490.4237430403895,5.0
388.22933729835586,490.4908529623052,5.0
388.9266735870201,490.55186198222856,5.0
389.69374350455075,490.61897190414425,5.0
390.4608134220814,490.68608182605993,5.0
391.22788333961205,490.7531917479756,5.0
391.9949532571427,490.8203016698913,5.0
392.69228954580694,490.88131068981465,5.0
393.4593594633376,490.94842061173034,5.0
394.22642938086824,491.01553053364603,5.0
394.9934992983989,491.0826404555617,5.0
395.76056921592954,491.1497503774774,5.0
396.5276391334602,491.2168602993931,5.0
397.29470905099083,491.2839702213088,5.0
398.0617789685215,491.35108014322446,5.0
398.8288488860521,491.41819006514015,5.0
399.5261851747164,491.4791990850635,5.0
400.2235214633806,491.54020810498685,5.0
400.99059138091127,491.60731802690253,5.0
401.7576612984419,491.6744279488182,5.0
402.52473121597257,491.7415378707339,5.0
403.2918011335032,491.8086477926496,5.0
404.05887105103386,491.8757577145653,5.0
404.8259409685645,491.94286763648097,5.0
405.52327725722876,492.0038766564043,5.0
406.2903471747594,492.07098657832,5.0
407.05741709229005,492.1380965002357,5.0
407.7547533809543,492.19910552015904,5.0
408.52182329848495,492.2662154420747,5.0
409.2191595871492,492.32722446199807,5.0
409.91649587581344,492.3882334819214,5.0
410.6835657933441,492.4553434038371,5.0
411.38090208200833,492.51635242376045,5.0
412.147971999539,492.58346234567614,5.0
412.8453082882032,492.6444713655995,5.0
413.6123782057339,492.7115812875152,5.0
414.3794481232645,492.77869120943086,5.0
415.1465180407952,492.84580113134655,5.0
415.9135879583258,492.91291105326223,5.0
416.68065787585647,492.9800209751779,5.0
417.4477277933871,493.0471308970936,5.0
418.21479771091776,493.1142408190093,5.0
418.9818676284484,493.181350740925,5.0
419.74893754597906,493.24846066284067,5.0
420.5160074635097,493.31557058475636,5.0
421.28307738104036,493.38268050667205,5.0
422.050147298571,493.44979042858773,5.0
422.74748358723525,493.5107994485111,5.0
423.5145535047659,493.57790937042677,5.0
424.21188979343015,493.6389183903501,5.0
424.9789597109608,493.7060283122658,5.0
425.74602962849144,493.7731382341815,5.0
426.5130995460221,493.8402481560972,5.0
427.28016946355274,493.90735807801286,5.0
427.977505752217,493.9683670979362,5.0
428.74457566974763,494.0354770198519,5.0
429.5116455872783,494.1025869417676,5.0
430.27871550480893,494.16969686368327,5.0
431.0457854223396,494.23680678559896,5.0
431.8128553398702,494.30391670751465,5.0
432.5799252574009,494.37102662943033,5.0
433.2772615460651,494.4320356493537,5.0
434.04433146359577,494.49914557126937,5.0
434.74166775226,494.5601545911927,5.0
435.50873766979066,494.6272645131084,5.0
436.2758075873213,494.6943744350241,5.0
437.04287750485196,494.7614843569398,5.0
437.8099474223826,494.82859427885546,5.0
438.57701733991325,494.89570420077115,5.0
439.2743536285775,494.9567132206945,5.0
440.04142354610815,495.0238231426102,5.0
440.7387598347724,495.08483216253353,5.0
441.50582975230304,495.1519420844492,5.0
442.2728996698337,495.2190520063649,5.0
443.03996958736434,495.2861619282806,5.0
443.807039504895,495.3532718501963,5.0
444.57410942242564,495.42038177211197,5.0
445.3411793399563,495.48749169402765,5.0
446.03851562862053,495.548500713951,5.0
446.8055855461512,495.6156106358667,5.0
447.5726554636818,495.6827205577824,5.0
448.3397253812125,495.74983047969806,5.0
449.1067952987431,495.81694040161375,5.0
449.87386521627377,495.88405032352944,5.0
450.6409351338044,495.9511602454451,5.0
451.33827142246867,496.01216926536847,5.0
452.1053413399993,496.07927918728416,5.0
452.87241125752996,496.14638910919984,5.0
453.5697475461942,496.2073981291232,5.0
454.33681746372486,496.2745080510389,5.0
455.0341537523891,496.3355170709622,5.0
455.80122366991975,496.4026269928779,5.0
456.498559958584,496.46363601280126,5.0
457.26562987611464,496.53074593471695,5.0
457.9629661647789,496.5917549546403,5.0
458.73003608230954,496.658864876556,5.0
459.4273723709738,496.7198738964793,5.0
460.19444228850443,496.786983818395,5.0
460.8917785771687,496.84799283831836,5.0
461.6588484946993,496.91510276023405,5.0
462.42591841223,496.98221268214974,5.0
463.1929883297606,497.0493226040654,5.0
463.9600582472913,497.1164325259811,5.0
464.6573945359555,497.17744154590446,5.0
465.35473082461976,497.2384505658278,5.0
466.052067113284,497.29945958575115,5.0
466.81913703081466,497.36656950766684,5.0
467.5164733194789,497.4275785275902,5.0
468.28354323700955,497.4946884495059,5.0
468.9808795256738,497.5556974694292,5.0
469.74794944320445,497.6228073913449,5.0
470.5150193607351,497.6899173132606,5.0
471.28208927826574,497.7570272351763,5.0
472.0491591957964,497.82413715709197,5.0
472.81622911332704,497.89124707900766,5.0
473.5832990308577,497.95835700092334,5.0
474.35036894838834,498.02546692283903,5.0
475.117438865919,498.0925768447547,5.0
475.88450878344963,498.1596867666704,5.0
476.5818450721139,498.22069578659375,5.0
477.3489149896445,498.28780570850944,5.0
478.1159849071752,498.3549156304251,5.0
478.8830548247058,498.4220255523408,5.0
479.65012474223647,498.4891354742565,5.0
480.3474610309007,498.55014449417985,5.0
481.11453094843137,498.61725441609553,5.0
481.881600865962,498.6843643380112,5.0
482.64867078349266,498.7514742599269,5.0
483.3460070721569,498.81248327985026,5.0
484.11307698968756,498.87959320176594,5.0
484.8801469072182,498.94670312368163,5.0
485.64721682474885,499.0138130455973,5.0
486.3445531134131,499.07482206552066,5.0
487.04188940207735,499.135831085444,5.0
487.7392256907416,499.19684010536736,5.0
488.50629560827224,499.26395002728304,5.0
489.2036318969365,499.3249590472064,5.0
489.97070181446713,499.3920689691221,5.0
490.7377717319978,499.45917889103777,5.0
491.50484164952843,499.52628881295345,5.0
492.2719115670591,499.59339873486914,5.0
492.9692478557233,499.6544077547925,5.0
493.736317773254,499.7215176767082,5.0
494.4336540619182,499.7825266966315,5.0
495.20072397944887,499.8496366185472,5.0
495.9677938969795,499.9167465404629,5.0
496.73486381451016,499.9838564623786,5.0
497.5019337320408,500.05096638429427,5.0
498.26900364957146,500.11807630620996,5.0
499.0360735671021,500.18518622812564,5.0
499.80314348463276,500.25229615004133,5.0
500.5702134021634,500.319406071957,5.0
501.33728331969405,500.3865159938727,5.0
502.1043532372247,500.4536259157884,5.0
502.87142315475535,500.5207358377041,5.0
503.638493072286,500.58784575961977,5.0
504.40556298981664,500.65495568153545,5.0
505.1726329073473,500.72206560345114,5.0
505.93970282487794,500.78917552536683,5.0
506.6370391135422,500.8501845452902,5.0
507.40410903107284,500.91729446720586,5.0
508.1711789486035,500.98440438912155,5.0
508.93824886613413,501.05151431103724,5.0
509.7053187836648,501.1186242329529,5.0
510.4723887011954,501.1857341548686,5.0
511.2394586187261,501.2528440767843,5.0
511.9367949073903,501.31385309670765,5.0
512.703864824921,501.38096301862333,5.0
513.4709347424516,501.448072940539,5.0
514.2380046599823,501.5151828624547,5.0
515.0050745775129,501.5822927843704,5.0
515.7721444950436,501.6494027062861,5.0
516.4694807837078,501.71041172620943,5.0
517.2365507012385,501.7775216481251,5.0
518.0036206187691,501.8446315700408,5.0
518.7706905362998,501.9117414919565,5.0
519.468026824964,501.97275051187984,5.0
520.2350967424946,502.0398604337955,5.0
521.0021666600253,502.1069703557112,5.0
521.769236577556,502.1740802776269,5.0
522.5363064950866,502.2411901995426,5.0
523.2336427837508,502.30219921946593,5.0
524.0007127012815,502.3693091413816,5.0
524.7677826188121,502.4364190632973,5.0
525.5348525363428,502.503528985213,5.0
526.3019224538734,502.5706389071287,5.0
527.0689923714041,502.63774882904437,5.0
527.8360622889347,502.70485875096006,5.0
528.6031322064654,502.77196867287574,5.0
529.370202123996,502.83907859479143,5.0
530.1372720415267,502.9061885167071,5.0
530.9043419590573,502.9732984386228,5.0
531.671411876588,503.0404083605385,5.0
532.4384817941186,503.1075182824542,5.0
533.2055517116493,503.17462820436987,5.0
533.9028880003135,503.2356372242932,5.0
534.6699579178442,503.3027471462089,5.0
535.4370278353748,503.3698570681246,5.0
536.2040977529055,503.4369669900403,5.0
536.9711676704361,503.50407691195596,5.0
537.7382375879668,503.57118683387165,5.0
538.5053075054974,503.63829675578734,5.0
539.272377423028,503.705406677703,5.0
539.9697137116923,503.76641569762637,5.0
540.7367836292229,503.83352561954206,5.0
541.5038535467536,503.90063554145775,5.0
542.2709234642842,503.96774546337343,5.0
542.9682597529485,504.0287544832968,5.0
543.7353296704791,504.09586440521247,5.0
544.5023995880098,504.16297432712815,5.0
545.2694695055404,504.23008424904384,5.0
546.0365394230711,504.29719417095953,5.0
546.8036093406017,504.3643040928752,5.0
547.5706792581324,504.4314140147909,5.0
548.337749175663,504.4985239367066,5.0
549.1048190931937,504.5656338586223,5.0
549.8718890107243,504.63274378053796,5.0
550.638958928255,504.69985370245365,5.0
551.3362952169192,504.760862722377,5.0
552.1033651344499,504.8279726442927,5.0
552.8704350519805,504.8950825662084,5.0
553.6375049695112,504.96219248812406,5.0
554.3348412581754,505.0232015080474,5.0
555.101911175706,505.0903114299631,5.0
555.8689810932367,505.1574213518788,5.0
556.566317381901,505.2184303718021,5.0
557.3333872994316,505.2855402937178,5.0
558.1004572169622,505.3526502156335,5.0
558.7977935056265,505.41365923555685,5.0
559.5648634231571,505.48076915747254,5.0
560.3319333406878,505.5478790793882,5.0
561.0990032582184,505.6149890013039,5.0
561.7963395468827,505.67599802122726,0.0
562.5663395468827,505.67599802122726,355.0
563.2636758355469,505.6149890013039,350.0
564.0219778053663,505.48127990450035,345.0
564.7657406916089,505.2819892397714,340.0
565.4893040096141,505.0186337294106,335.0
566.1871610056323,504.6932176678703,330.0
566.7933787882814,504.34321766787025,325.0
567.4241258623839,503.90156381187995,320.0
568.0139800835855,503.40661735242134,315.0
568.5089548304161,502.91164260559077,310.0
568.9589061571967,502.3754114954075,305.0
569.400560013187,501.74466442130495,300.0
569.785560013187,501.07782486039093,300.0
570.135560013187,500.47160707774185,300.0
570.520560013187,499.80476751682784,300.0
570.905560013187,499.1379279559138,300.0
571.290560013187,498.4710883949998,300.0
571.675560013187,497.8042488340858,300.0
572.025560013187,497.1980310514367,300.0
572.410560013187,496.5311914905227,300.0
572.760560013187,495.9249737078736,300.0
573.145560013187,495.2581341469596,300.0
573.530560013187,494.5912945860456,300.0
573.915560013187,493.9244550251316,300.0
574.300560013187,493.25761546421757,300.0
574.650560013187,492.6513976815685,300.0
575.035560013187,491.98455812065447,300.0
575.420560013187,491.31771855974046,300.0
575.805560013187,490.65087899882644,300.0
576.190560013187,489.98403943791243,300.0
576.540560013187,489.37782165526335,300.0
576.890560013187,488.77160387261426,300.0
577.275560013187,488.10476431170025,300.0
577.660560013187,487.43792475078624,300.0
578.045560013187,486.7710851898722,300.0
578.430560013187,486.1042456289582,300.0
578.780560013187,485.4980278463091,300.0
579.165560013187,484.8311882853951,300.0
579.550560013187,484.1643487244811,300.0
579.935560013187,483.4975091635671,300.0
580.320560013187,482.8306696026531,300.0
580.670560013187,482.224451820004,300.0
581.055560013187,481.55761225909,300.0
581.440560013187,480.89077269817597,300.0
581.790560013187,480.2845549155269,300.0
582.175560013187,479.61771535461287,300.0
582.525560013187,479.0114975719638,300.0
582.910560013187,478.3446580110498,300.0
583.295560013187,477.67781845013576,300.0
583.680560013187,477.01097888922175,300.0
584.030560013187,476.40476110657266,300.0
584.380560013187,475.7985433239236,300.0
584.765560013187,475.13170376300957,300.0
585.1155600131871,474.5254859803605,300.0
585.500560013187,473.8586464194465,300.0
585.885560013187,473.19180685853246,300.0
586.2355600131871,472.5855890758834,300.0
586.6205600131871,471.91874951496936,300.0
587.005560013187,471.25190995405535,300.0
587.3555600131871,470.64569217140627,300.0
587.7405600131871,469.97885261049225,300.0
588.125560013187,469.31201304957824,300.0
588.510560013187,468.6451734886642,300.0
588.895560013187,467.9783339277502,300.0
589.2455600131871,467.37211614510113,300.0
589.630560013187,466.7052765841871,300.0
590.015560013187,466.0384370232731,300.0
590.400560013187,465.3715974623591,300.0
590.785560013187,464.7047579014451,300.0
591.170560013187,464.03791834053106,300.0
591.555560013187,463.37107877961705,300.0
591.940560013187,462.70423921870304,300.0
592.325560013187,462.037399657789,300.0
592.710560013187,461.370560096875,300.0
593.060560013187,460.7643423142259,300.0
593.445560013187,460.0975027533119,300.0
593.830560013187,459.4306631923979,300.0
594.215560013187,458.7638236314839,300.0
594.600560013187,458.0969840705699,300.0
594.985560013187,457.43014450965586,300.0
595.335560013187,456.8239267270068,300.0
595.720560013187,456.15708716609277,300.0
596.105560013187,455.49024760517875,300.0
596.455560013187,454.88402982252967,300.0
596.840560013187,454.21719026161566,300.0
597.225560013187,453.55035070070164,300.0
597.575560013187,452.94413291805256,300.0
597.960560013187,452.27729335713855,300.0
598.310560013187,451.67107557448946,300.0
598.695560013187,451.00423601357545,300.0
599.080560013187,450.33739645266144,300.0
599.465560013187,449.6705568917474,300.0
599.815560013187,449.06433910909834,300.0
600.200560013187,448.3974995481843,300.0
600.585560013187,447.7306599872703,300.0
600.970560013187,447.0638204263563,300.0
601.355560013187,446.3969808654423,300.0
601.740560013187,445.7301413045283,300.0
602.1255600131869,445.06330174361426,300.0
602.5105600131869,444.39646218270025,300.0
602.860560013187,443.79024440005117,300.0
603.245560013187,443.12340483913715,300.0
603.6305600131869,442.45656527822314,300.0
603.980560013187,441.85034749557406,300.0
604.365560013187,441.18350793466004,300.0
604.715560013187,440.57729015201096,300.0
605.100560013187,439.91045059109695,300.0
605.485560013187,439.24361103018293,300.0
605.835560013187,438.63739324753385,300.0
606.220560013187,437.97055368661984,300.0
606.605560013187,437.3037141257058,300.0
606.990560013187,436.6368745647918,300.0
607.3755600131869,435.9700350038778,300.0
607.7605600131869,435.3031954429638,300.0
608.1455600131869,434.63635588204977,300.0
608.5305600131869,433.96951632113576,300.0
608.9155600131869,433.30267676022174,300.0
609.3005600131869,432.63583719930773,300.0
609.6855600131869,431.9689976383937,300.0
610.0355600131869,431.36277985574463,300.0
610.4205600131869,430.6959402948306,300.0
610.8055600131869,430.0291007339166,300.0
611.1905600131869,429.3622611730026,300.0
611.5755600131869,428.6954216120886,300.0
611.9255600131869,428.0892038294395,300.0
612.3105600131869,427.4223642685255,300.0
612.6955600131869,426.75552470761147,300.0
613.0805600131869,426.08868514669746,300.0
613.4655600131869,425.42184558578344,300.0
613.8505600131869,424.75500602486943,300.0
614.2355600131868,424.0881664639554,300.0
614.5855600131869,423.48194868130633,305.0
615.0272138691772,422.8512016072038,310.0
615.4771651959578,422.3149704970205,315.0
616.0216374174714,421.7704982755069,320.0
616.5578685276547,421.3205469487263,325.0
617.1886156017572,420.878893092736,330.0
617.8554551626712,420.493893092736,335.0
618.5533121586894,420.16847703119566,340.0
619.2768754766946,419.9051215208349,345.0
620.0206383629372,419.70583085610593,350.0
620.7789403327566,419.5721217593024,355.0
621.4762766214209,419.51111273937903,0.0
622.2462766214209,419.51111273937903,5.0
623.0133465389515,419.5782226612947,10.0
623.7716485087709,419.7119317580983,10.0
624.4610139358795,419.8334854824651,10.0
625.2193159056989,419.96719457926866,10.0
627.7010314432896,420.40478798698933,10.0
628.459333413109,420.5384970837929,10.0
629.1486988402175,420.6600508081597,10.0
629.907000810037,420.7937599049633,10.0
630.6653027798563,420.92746900176684,10.0
631.4236047496757,421.0611780985704,10.0
632.1819067194951,421.19488719537395,10.0
632.9402086893145,421.3285962921775,10.0
633.698510659134,421.46230538898106,10.0
634.3878760862425,421.5838591133479,10.0
635.1461780560619,421.71756821015146,10.0
635.9044800258813,421.851277306955,10.0
636.6627819957007,421.98498640375857,10.0
637.3521474228093,422.1065401281254,10.0
638.0415128499178,422.22809385249224,10.0
638.7998148197372,422.3618029492958,10.0
639.5581167895566,422.49551204609935,10.0
640.2474822166652,422.6170657704662,10.0
641.0057841864846,422.75077486726974,10.0
641.764086156304,422.8844839640733,10.0
642.4534515834125,423.00603768844013,10.0
643.2117535532319,423.1397467852437,10.0
643.9700555230513,423.27345588204724,10.0
644.7283574928707,423.4071649788508,10.0
645.4866594626901,423.54087407565436,10.0
646.2449614325095,423.6745831724579,10.0
647.0032634023289,423.80829226926147,10.0
647.6926288294375,423.9298459936283,10.0
648.4509307992569,424.06355509043186,10.0
649.2092327690763,424.1972641872354,10.0
649.8985981961848,424.31881791160225,10.0
650.6569001660042,424.4525270084058,10.0
651.4152021358236,424.58623610520937,10.0
652.1045675629322,424.7077898295762,10.0
652.8628695327516,424.84149892637976,5.0
653.5602058214158,424.9025079463031,0.0
654.3302058214158,424.9025079463031,355.0
655.0972757389465,424.8353980243874,350.0
655.786641166055,424.7138443000206,345.0
656.5304040522976,424.51455363529163,340.0
657.2539673703028,424.25119812493085,335.0
657.951824366321,423.9257820633905,330.0
658.618663927235,423.5407820633905,325.0
659.1920703582373,423.13927855794475,320.0
659.7819245794389,422.64433209848613,320.0
660.3717788006404,422.1493856390275,320.0
660.961633021842,421.6544391795689,320.0
661.5514872430435,421.1594927201103,320.0
662.1413414642451,420.66454626065166,320.0
662.7311956854467,420.16959980119304,320.0
663.26742679563,419.71964847441245,320.0
663.8572810168315,419.22470201495383,320.0
664.4471352380331,418.7297555554952,320.0
665.0369894592346,418.2348090960366,320.0
665.6268436804362,417.739862636578,320.0
666.2166979016378,417.24491617711936,320.0
666.752929011821,416.7949648503388,320.0
667.2891601220043,416.3450135235582,320.0
667.8790143432059,415.85006706409956,320.0
668.4152454533892,415.40011573731897,320.0
669.0050996745907,414.90516927786035,320.0
669.5949538957923,414.41022281840173,320.0
670.1311850059756,413.96027149162114,320.0
670.7210392271771,413.4653250321625,320.0
671.3108934483787,412.9703785727039,320.0
671.847124558562,412.5204272459233,320.0
672.4369787797635,412.0254807864647,320.0
673.0268330009651,411.5305343270061,320.0
673.5630641111484,411.0805830002255,320.0
674.1529183323499,410.58563654076687,320.0
674.7427725535515,410.09069008130825,320.0
675.2790036637348,409.64073875452766,320.0
675.8688578849363,409.14579229506904,320.0
676.4587121061379,408.6508458356104,320.0
677.0485663273395,408.1558993761518,320.0
677.5847974375228,407.7059480493712,320.0
678.1746516587243,407.2110015899126,320.0
678.7645058799259,406.716055130454,315.0
679.3089781014395,406.17158290894037,310.0
679.8039245608982,405.58172868773875,305.0
680.2455784168885,404.9509816136362,300.0
680.6305784168885,404.2841420527222,295.0
680.9559944784288,403.58628505670396,290.0
681.2193499887895,402.8627217386988,285.0
681.4186406535184,402.1189588524562,280.0
681.5523497503219,401.3606568826368,275.0
681.6194596722377,400.59358696510617,275.0
681.6865695941534,399.8265170475755,275.0
681.7475786140768,399.1291807589113,275.0
681.8146885359926,398.3621108413806,275.0
681.8817984579083,397.59504092385,275.0
681.9428074778317,396.89770463518573,275.0
682.0099173997475,396.1306347176551,275.0
682.0770273216632,395.36356480012444,275.0
682.1380363415866,394.6662285114602,275.0
682.2051462635023,393.89915859392954,275.0
682.2722561854181,393.1320886763989,275.0
682.3393661073338,392.36501875886825,275.0
682.4064760292496,391.5979488413376,275.0
682.4735859511653,390.83087892380695,275.0
682.5345949710887,390.1335426351427,275.0
682.6017048930045,389.36647271761206,275.0
682.6688148149202,388.5994028000814,275.0
682.735924736836,387.83233288255076,275.0
682.8030346587517,387.0652629650201,275.0
682.8701445806674,386.29819304748946,275.0
682.9372545025832,385.5311231299588,275.0
683.0043644244989,384.76405321242817,275.0
683.0714743464147,383.9969832948975,275.0
683.1385842683304,383.22991337736687,275.0
683.2056941902462,382.4628434598362,275.0
683.2728041121619,381.6957735423056,275.0
683.3399140340777,380.9287036247749,275.0
683.4070239559934,380.1616337072443,275.0
683.4680329759168,379.46429741858003,275.0
683.5290419958402,378.7669611299158,275.0
683.596151917756,377.99989121238514,275.0
683.6632618396717,377.2328212948545,275.0
683.7303717615874,376.46575137732384,275.0
683.7974816835032,375.6986814597932,275.0
683.8584907034266,375.00134517112895,275.0
683.9256006253423,374.2342752535983,275.0
683.9927105472581,373.46720533606765,275.0
684.0537195671815,372.7698690474034,275.0
684.1208294890972,372.00279912987276,275.0
684.187939411013,371.2357292123421,275.0
684.2550493329287,370.46865929481146,275.0
684.3221592548445,369.7015893772808,275.0
684.3831682747679,369.00425308861657,275.0
684.4441772946913,368.3069167999523,275.0
684.511287216607,367.53984688242167,275.0
684.5783971385227,366.772776964891,275.0
684.6455070604385,366.0057070473604,275.0
684.7126169823542,365.2386371298297,275.0
684.77972690427,364.4715672122991,275.0
684.8468368261857,363.70449729476843,275.0
684.9078458461091,363.0071610061042,275.0
684.9749557680249,362.24009108857354,275.0
685.0420656899406,361.4730211710429,275.0
685.103074709864,360.77568488237864,275.0
685.1701846317798,360.008614964848,275.0
685.2372945536955,359.24154504731735,275.0
685.2983035736189,358.5442087586531,275.0
685.3654134955347,357.77713884112245,275.0
685.4325234174504,357.0100689235918,280.0
685.5662325142539,356.2517669537724,285.0
685.7655231789828,355.50800406752984,290.0
686.0049372793108,354.8502192329797,295.0
686.330353340851,354.1523622369615,300.0
686.715353340851,353.4855226760475,305.0
687.1570071968414,352.85477560194494,310.0
687.6519536563001,352.2649213807433,315.0
688.1964258778137,351.7204491592297,320.0
688.732656987997,351.2704978324491,325.0
689.3634040620994,350.8288439764588,330.0
690.0302436230135,350.4438439764588,335.0
690.6646590739391,350.14801119324034,340.0
691.3224439084893,349.9085970929124,345.0
692.0662067947319,349.7093064281834,345.0
692.8099696809745,349.5100157634545,345.0
693.4861177593768,349.3288424318827,345.0
694.2298806456195,349.12955176715377,345.0
694.9736435318621,348.9302611024248,345.0
695.7174064181047,348.7309704376959,345.0
696.4611693043473,348.5316797729669,345.0
697.20493219059,348.332389108238,345.0
697.8810802689923,348.1512157766662,345.0
698.6248431552349,347.95192511193727,345.0
699.3686060414775,347.7526344472083,345.0
700.0447541198798,347.57146111563657,345.0
700.7885170061224,347.3721704509076,345.0
701.5322798923651,347.17287978617867,345.0
702.2760427786077,346.9735891214497,345.0
703.0198056648503,346.77429845672077,345.0
703.7635685510929,346.5750077919918,345.0
704.4397166294953,346.39383446042007,345.0
705.1834795157379,346.1945437956911,345.0
705.9272424019805,345.99525313096217,345.0
706.6710052882231,345.7959624662332,345.0
707.4147681744657,345.59667180150427,345.0
708.1585310607084,345.3973811367753,345.0
708.902293946951,345.1980904720464,345.0
709.6460568331936,344.9987998073174,345.0
710.3898197194362,344.7995091425885,345.0
711.1335826056788,344.6002184778595,345.0
711.8773454919215,344.4009278131306,345.0
712.6211083781641,344.20163714840163,345.0
713.2972564565664,344.0204638168299,345.0
714.041019342809,343.8211731521009,345.0
714.7847822290516,343.621882487372,345.0
715.5285451152943,343.422591822643,345.0
716.2046931936966,343.2414184910713,345.0
716.9484560799392,343.0421278263423,345.0
717.6922189661818,342.8428371616134,345.0
718.4359818524244,342.6435464968844,345.0
719.1797447386671,342.4442558321555,345.0
719.9235076249097,342.2449651674265,345.0
720.6672705111523,342.0456745026976,345.0
721.4110333973949,341.84638383796863,345.0
722.1547962836376,341.6470931732397,345.0
722.8985591698802,341.44780250851073,345.0
723.6423220561228,341.2485118437818,345.0
724.3184701345251,341.06733851221003,345.0
725.0622330207677,340.8680478474811,345.0
725.8059959070104,340.66875718275213,345.0
726.4821439854127,340.4875838511804,345.0
727.2259068716553,340.2882931864514,345.0
727.9020549500576,340.10711985487967,345.0
728.6458178363002,339.9078291901507,345.0
729.3219659147026,339.72665585857897,345.0
730.0657288009452,339.52736519385,345.0
